00100000000100000000000000001010
00100000000100010000000000010100
00100000000100100000000000011110
00100000000100110000000000101000
00100000000101000000000000110010
00100000000101010000000000000101
00100000000010000000000000000000
00111100000000010001000000000001
00110100001101100000000000000000
00000000000010000100100010000000
00000010110010010100100000100000
10101101001100000000000000000000
00100010000100000000000000001010
00100001000010000000000000000001
00010101000101011111111111111010
00100000000010000000000000000000
00100000000010110000000000000000
00000000000010000100100010000000
00000010110010010100100000100000
10001101001010100000000000000000
00000001011010100101100000100000
00100001000010000000000000000001
00010101000101011111111111111010
10101110110010110000000000000000
00001000000100000000000000011001
00000000000000000000000000000000
